1.1547 3 7 8 m2
2.3094 6 14 16 m2
2.02073 5 19 21 m2
3.4641 9 21 24 m2
5.19615 14 26 30 m2
4.6188 12 28 32 m2
4.33013 11 31 35 m2
5.7735 15 35 40 m2
2.88675 7 37 40 m2
4.04145 10 38 42 m2
7.79423 21 39 45 m2
6.9282 18 42 48 m2
5.19615 13 43 48 m2
6.35085 16 49 55 m2
8.0829 21 49 56 m2
10.3923 28 52 60 m2
6.06218 15 57 63 m2
9.2376 24 56 64 m2
3.75278 9 61 65 m2
8.66025 22 62 70 m2
10.3923 27 63 72 m2
12.9904 35 65 75 m2
12.1244 32 67 77 m2
11.547 30 70 80 m2
6.9282 17 73 80 m2
5.7735 14 74 80 m2
8.0829 20 76 84 m2
12.7017 33 77 88 m2
15.5885 42 78 90 m2
15.0111 40 79 91 m2
13.8564 36 84 96 m2
10.3923 26 86 96 m2
4.6188 11 91 96 m2
7.79423 19 91 99 m2
15.0111 39 91 104 m2
18.1865 49 91 105 m2
12.9904 33 93 105 m2
10.1036 25 95 105 m2
12.7017 32 98 110 m2
20.2073 55 97 112 m2
16.1658 42 98 112 m2
15.5885 40 103 117 m2
9.81495 24 109 119 m2
20.7846 56 104 120 m2
17.3205 45 105 120 m2
8.66025 21 111 120 m2
12.1244 30 114 126 m2
18.4752 48 112 128 m2
7.50555 18 122 130 m2
5.48483 13 127 133 m2
23.3827 63 117 135 m2
19.6299 51 119 136 m2
17.3205 44 124 140 m2
9.52628 23 133 143 m2
20.7846 54 126 144 m2
15.5885 39 129 144 m2
14.1451 35 133 147 m2
25.9808 70 130 150 m2
21.9393 57 133 152 m2
24.5374 65 133 153 m2
24.2487 64 134 154 m2
25.9808 69 139 160 m2
23.094 60 140 160 m2
13.8564 34 146 160 m2
11.547 28 148 160 m2
28.5788 77 143 165 m2
19.0526 48 147 165 m2
24.2487 63 147 168 m2
16.1658 40 152 168 m2
10.3923 25 157 168 m2
21.9393 56 151 171 m2
21.6506 55 155 175 m2
25.4034 66 154 176 m2
6.35085 15 169 176 m2
31.1769 84 156 180 m2
30.0222 80 158 182 m2
26.5581 69 161 184 m2
28.5788 75 163 187 m2
18.1865 45 171 189 m2
27.7128 72 168 192 m2
20.7846 52 172 192 m2
9.2376 22 182 192 m2
33.775 91 169 195 m2
11.2583 27 183 195 m2
15.5885 38 182 198 m2
28.8675 75 175 200 m2
14.4338 35 185 200 m2
13.2791 32 193 207 m2
30.0222 78 182 208 m2
36.3731 98 182 210 m2
25.9808 66 186 210 m2
20.2073 50 190 210 m2
31.1769 81 189 216 m2
25.4034 64 196 220 m2
22.5167 56 199 221 m2
40.4145 110 194 224 m2
32.3316 84 196 224 m2
12.1244 29 211 224 m2
38.9711 105 195 225 m2
7.21688 17 217 225 m2
36.3731 96 201 231 m2
22.228 55 209 231 m2
33.4863 87 203 232 m2
31.1769 80 206 234 m2
19.6299 48 218 238 m2
41.5692 112 208 240 m2
34.641 90 210 240 m2
25.9808 65 215 240 m2
20.7846 51 219 240 m2
17.3205 42 222 240 m2
30.3109 77 217 245 m2
33.775 87 217 247 m2
35.7957 93 217 248 m2
24.2487 60 228 252 m2
33.1976 85 223 253 m2
44.1673 119 221 255 m2
12.9904 31 241 255 m2
36.9504 96 224 256 m2
15.0111 36 244 260 m2
44.456 119 229 264 m2
38.1051 99 231 264 m2
10.9697 26 254 266 m2
46.7654 126 234 270 m2
39.2598 102 238 272 m2
45.0333 120 237 273 m2
26.2694 65 247 273 m2
31.7543 80 245 275 m2
28.8675 72 247 275 m2
40.4145 105 245 280 m2
36.3731 93 247 280 m2
34.641 88 248 280 m2
20.2073 49 259 280 m2
8.0829 19 271 280 m2
49.3634 133 247 285 m2
25.9808 64 259 285 m2
19.0526 46 266 286 m2
41.5692 108 252 288 m2
31.1769 78 258 288 m2
13.8564 33 273 288 m2
28.2902 70 266 294 m2
42.7239 111 259 296 m2
23.3827 57 273 297 m2
53.1162 144 259 299 m2
51.9615 140 260 300 m2
43.8786 114 266 304 m2
49.0748 130 266 306 m2
48.4974 128 268 308 m2
45.0333 117 273 312 m2
37.5278 95 277 312 m2
54.5596 147 273 315 m2
38.9711 99 279 315 m2
30.3109 75 285 315 m2
16.7432 40 301 319 m2
51.9615 138 278 320 m2
46.188 120 280 320 m2
27.7128 68 292 320 m2
23.094 56 296 320 m2
14.7224 35 307 323 m2
50.5181 133 283 325 m2
18.7639 45 305 325 m2
47.3427 123 287 328 m2
57.1577 154 286 330 m2
38.1051 96 294 330 m2
60.6218 165 291 336 m2
48.4974 126 294 336 m2
36.3731 91 301 336 m2
32.3316 80 304 336 m2
20.7846 50 314 336 m2
8.94893 21 331 341 m2
43.8786 112 302 342 m2
49.6521 129 301 344 m2
59.7558 161 299 345 m2
51.9615 136 301 345 m2
43.3013 110 310 350 m2
46.7654 120 309 351 m2
50.8068 132 308 352 m2
41.5692 105 313 352 m2
12.7017 30 338 352 m2
34.3523 85 323 357 m2
29.4449 72 327 357 m2
62.3538 168 312 360 m2
51.9615 135 315 360 m2
25.9808 63 333 360 m2
15.5885 37 343 360 m2
60.0444 160 316 364 m2
53.1162 138 322 368 m2
57.1577 150 326 374 m2
64.9519 175 325 375 m2
54.2709 141 329 376 m2
41.8579 105 337 377 m2
36.3731 90 342 378 m2
55.4256 144 336 384 m2
41.5692 104 344 384 m2
18.4752 44 364 384 m2
60.6218 160 335 385 m2
47.6314 121 341 385 m2
44.456 112 343 385 m2
67.55 182 338 390 m2
22.5167 54 366 390 m2
44.1673 111 349 391 m2
56.5803 147 343 392 m2
31.1769 76 364 396 m2
38.3938 95 361 399 m2
16.4545 39 381 399 m2
57.735 150 350 400 m2
34.641 85 365 400 m2
28.8675 70 370 400 m2
35.7957 88 367 403 m2
70.1481 189 351 405 m2
58.8897 153 357 408 m2
9.81495 23 397 408 m2
26.5581 64 386 414 m2
69.282 185 361 416 m2
60.0444 156 364 416 m2
76.2102 208 362 418 m2
72.7461 196 364 420 m2
51.9615 132 372 420 m2
40.4145 100 380 420 m2
61.1991 159 371 424 m2
58.8897 152 373 425 m2
28.5788 69 399 429 m2
62.3538 162 378 432 m2
46.7654 117 387 432 m2
75.3442 203 377 435 m2
66.9726 176 379 435 m2
32.909 80 403 437 m2
63.5085 165 385 440 m2
50.8068 128 392 440 m2
31.7543 77 407 440 m2
17.3205 41 421 440 m2
42.4352 105 399 441 m2
45.0333 112 398 442 m2
80.829 220 388 448 m2
64.6632 168 392 448 m2
46.188 115 403 448 m2
24.2487 58 422 448 m2
77.9423 210 390 450 m2
14.4338 34 434 450 m2
75.0555 200 395 455 m2
56.2917 143 403 455 m2
26.2694 63 427 455 m2
20.2073 48 433 455 m2
65.8179 171 399 456 m2
73.6122 195 399 459 m2
72.7461 192 402 462 m2
44.456 110 418 462 m2
66.9726 174 406 464 m2
80.5404 217 403 465 m2
62.6425 161 409 465 m2
62.3538 160 412 468 m2
68.1273 177 413 472 m2
49.3634 123 427 475 m2
39.2598 96 436 476 m2
83.1384 224 416 480 m2
77.9423 207 417 480 m2
69.282 180 420 480 m2
51.9615 130 430 480 m2
41.5692 102 438 480 m2
34.641 84 444 480 m2
23.094 55 455 480 m2
10.681 25 469 481 m2
46.4767 115 437 483 m2
18.1865 43 463 483 m2
70.4367 183 427 488 m2
60.6218 154 434 490 m2
88.3346 240 427 493 m2
67.55 174 434 494 m2
85.7365 231 429 495 m2
57.1577 144 441 495 m2
38.9711 95 455 495 m2
71.5914 186 434 496 m2
77.9423 205 439 504 m2
72.7461 189 441 504 m2
48.4974 120 456 504 m2
31.1769 75 471 504 m2
66.3953 170 446 506 m2
88.3346 238 442 510 m2
25.9808 62 482 510 m2
73.9008 192 448 512 m2
65.8179 168 453 513 m2
75.0555 195 455 520 m2
51.9615 129 469 520 m2
37.5278 91 481 520 m2
30.0222 72 488 520 m2
90.9327 245 455 525 m2
64.9519 165 465 525 m2
50.5181 125 475 525 m2
36.3731 88 487 525 m2
89.4893 240 457 527 m2
88.9119 238 458 528 m2
76.2102 198 462 528 m2
57.1577 143 473 528 m2
19.0526 45 507 528 m2
21.9393 52 508 532 m2
77.3649 201 469 536 m2
84.8705 224 469 539 m2
93.5307 252 468 540 m2
78.5196 204 476 544 m2
68.7047 175 481 544 m2
90.0666 240 474 546 m2
52.5389 130 494 546 m2
63.5085 160 490 550 m2
57.735 144 494 550 m2
82.2724 215 481 551 m2
79.6743 207 483 552 m2
96.1288 259 481 555 m2
42.7239 104 511 555 m2
80.829 210 490 560 m2
72.7461 186 494 560 m2
69.282 176 496 560 m2
48.4974 119 511 560 m2
40.4145 98 518 560 m2
16.1658 38 542 560 m2
11.547 27 547 560 m2
85.7365 225 489 561 m2
54.5596 135 513 567 m2
81.9837 213 497 568 m2
98.7269 266 494 570 m2
51.9615 128 518 570 m2
38.1051 92 532 572 m2
19.9186 47 553 575 m2
83.1384 216 504 576 m2
62.3538 156 516 576 m2
27.7128 66 546 576 m2
84.2931 219 511 584 m2
77.9423 200 515 585 m2
33.775 81 549 585 m2
56.5803 140 532 588 m2
98.7269 264 511 589 m2
85.4478 222 518 592 m2
46.7654 114 546 594 m2
80.829 208 523 595 m2
73.6122 187 527 595 m2
49.0748 120 545 595 m2
86.6025 225 525 600 m2
43.3013 105 555 600 m2
69.8594 176 539 605 m2
87.7572 228 532 608 m2
54.8483 135 553 608 m2
72.7461 184 541 609 m2
58.6011 145 551 609 m2
98.1495 260 532 612 m2
23.6714 56 589 615 m2
96.9948 256 536 616 m2
88.9119 231 539 616 m2
57.1577 141 559 616 m2
39.8372 96 579 621 m2
90.0666 234 546 624 m2
75.0555 190 554 624 m2
67.55 169 559 624 m2
20.7846 49 601 624 m2
74.7669 189 559 629 m2
77.9423 198 558 630 m2
60.6218 150 570 630 m2
91.2213 237 553 632 m2
33.4863 80 602 638 m2
92.376 240 560 640 m2
55.4256 136 584 640 m2
46.188 112 592 640 m2
12.413 29 631 645 m2
29.4449 70 614 646 m2
93.5307 243 567 648 m2
37.5278 90 610 650 m2
90.9327 235 571 651 m2
62.6425 155 589 651 m2
94.6854 246 574 656 m2
76.2102 192 588 660 m2
67.55 168 597 663 m2
95.8401 249 581 664 m2
82.2724 209 589 665 m2
27.4241 65 635 665 m2
59.7558 147 607 667 m2
96.9948 252 588 672 m2
72.7461 182 602 672 m2
64.6632 160 608 672 m2
41.5692 100 628 672 m2
36.3731 87 633 672 m2
32.3316 77 637 672 m2
21.6506 51 651 675 m2
98.1495 255 595 680 m2
49.0748 119 629 680 m2
17.8979 42 662 682 m2
87.7572 224 604 684 m2
99.3042 258 602 688 m2
66.684 165 627 693 m2
54.5596 133 637 693 m2
59.1784 145 637 697 m2
86.6025 220 620 700 m2
93.5307 240 618 702 m2
95.2628 245 619 704 m2
83.1384 210 626 704 m2
25.4034 60 676 704 m2
79.6743 200 637 713 m2
68.7047 170 646 714 m2
58.8897 144 654 714 m2
82.5611 208 637 715 m2
47.6314 115 665 715 m2
41.2805 99 671 715 m2
80.829 203 643 720 m2
77.9423 195 645 720 m2
62.3538 153 657 720 m2
51.9615 126 666 720 m2
31.1769 74 686 720 m2
43.3013 104 679 725 m2
22.5167 53 703 728 m2
49.6521 120 679 731 m2
90.9327 231 651 735 m2
70.7254 175 665 735 m2
13.2791 31 721 736 m2
83.7158 210 674 754 m2
72.7461 180 684 756 m2
99.5929 255 669 759 m2
54.8483 133 703 760 m2
38.9711 93 723 765 m2
83.1384 208 688 768 m2
36.9504 88 728 768 m2
95.2628 242 682 770 m2
88.9119 224 686 770 m2
64.9519 159 709 775 m2
74.7669 185 703 777 m2
94.6854 240 691 779 m2
45.0333 108 732 780 m2
88.3346 222 698 782 m2
23.3827 55 757 783 m2
63.5085 155 727 792 m2
62.3538 152 728 792 m2
76.7876 190 722 798 m2
32.909 78 762 798 m2
27.1355 64 769 799 m2
69.282 170 730 800 m2
57.735 140 740 800 m2
99.5929 253 713 805 m2
71.5914 176 734 806 m2
88.3346 221 731 816 m2
19.6299 46 794 816 m2
86.8912 217 733 817 m2
78.8083 195 741 819 m2
95.2628 240 735 825 m2
86.6025 216 741 825 m2
53.1162 128 772 828 m2
67.55 165 763 832 m2
68.7047 168 763 833 m2
14.1451 33 817 833 m2
46.7654 112 787 837 m2
80.829 200 760 840 m2
60.6218 147 777 840 m2
51.9615 125 785 840 m2
24.2487 57 813 840 m2
48.7861 117 793 845 m2
77.9423 192 777 855 m2
57.1577 138 798 858 m2
82.8498 205 779 861 m2
93.5307 234 774 864 m2
41.5692 99 819 864 m2
65.8179 160 806 874 m2
76.2102 187 803 880 m2
63.5085 154 814 880 m2
34.641 82 842 880 m2
31.7543 75 845 880 m2
84.8705 210 798 882 m2
90.0666 224 796 884 m2
70.1481 171 819 891 m2
67.8387 165 823 893 m2
92.376 230 806 896 m2
48.4974 116 844 896 m2
25.1147 59 871 899 m2
28.8675 68 868 900 m2
86.8912 215 817 903 m2
52.5389 126 854 910 m2
40.4145 96 866 910 m2
98.7269 247 817 912 m2
92.9534 231 829 920 m2
66.3953 161 851 920 m2
88.9119 220 836 924 m2
56.5803 136 871 931 m2
38.3938 91 889 931 m2
15.0111 35 919 936 m2
93.5307 232 853 945 m2
90.9327 225 855 945 m2
98.7269 246 854 950 m2
78.5196 192 872 952 m2
72.7461 177 877 952 m2
50.2295 120 903 957 m2
83.1384 204 876 960 m2
69.282 168 888 960 m2
46.188 110 910 960 m2
25.9808 61 931 960 m2
21.362 50 938 962 m2
92.9534 230 874 966 m2
36.3731 86 926 966 m2
44.1673 105 921 969 m2
56.2917 135 915 975 m2
94.9741 235 893 987 m2
77.9423 190 910 990 m2
494
