2 2
4 1
3 3
5 2
7 1
4 4
6 3
8 2
10 1
5 5
7 4
9 3
11 2
13 1
6 6
8 5
10 4
12 3
14 2
16 1
7 7
9 6
11 5
13 4
15 3
17 2
19 1
8 8
10 7
12 6
14 5
16 4
18 3
20 2
22 1
9 9
11 8
13 7
15 6
17 5
19 4
21 3
23 2
25 1
10 10
12 9
14 8
16 7
18 6
20 5
22 4
24 3
26 2
28 1
11 11
13 10
15 9
17 8
19 7
21 6
23 5
25 4
27 3
29 2
31 1
12 12
14 11
16 10
18 9
20 8
22 7
24 6
26 5
28 4
30 3
32 2
34 1
13 13
15 12
17 11
19 10
21 9
23 8
25 7
27 6
29 5
31 4
33 3
35 2
37 1
14 14
16 13
18 12
20 11
22 10
24 9
26 8
28 7
30 6
32 5
34 4
36 3
38 2
40 1
15 15
17 14
19 13
21 12
23 11
25 10
27 9
29 8
31 7
33 6
35 5
37 4
39 3
41 2
43 1
16 16
18 15
20 14
22 13
24 12
26 11
28 10
30 9
32 8
34 7
36 6
38 5
40 4
42 3
44 2
46 1
17 17
19 16
21 15
23 14
25 13
27 12
29 11
31 10
33 9
35 8
37 7
39 6
41 5
43 4
45 3
47 2
49 1
18 18
20 17
22 16
24 15
26 14
28 13
30 12
32 11
34 10
36 9
38 8
40 7
42 6
44 5
46 4
48 3
50 2
52 1
19 19
21 18
23 17
25 16
27 15
29 14
31 13
33 12
35 11
37 10
39 9
41 8
43 7
45 6
47 5
49 4
51 3
53 2
55 1
20 20
22 19
24 18
26 17
28 16
30 15
32 14
34 13
36 12
38 11
40 10
42 9
44 8
46 7
48 6
50 5
52 4
54 3
56 2
58 1
21 21
23 20
25 19
27 18
29 17
31 16
33 15
35 14
37 13
39 12
41 11
43 10
45 9
47 8
49 7
51 6
53 5
55 4
57 3
59 2
61 1
22 22
24 21
26 20
28 19
30 18
32 17
34 16
36 15
38 14
40 13
42 12
44 11
46 10
48 9
50 8
52 7
54 6
56 5
58 4
60 3
62 2
64 1
23 23
25 22
27 21
29 20
31 19
33 18
35 17
37 16
39 15
41 14
43 13
45 12
47 11
49 10
51 9
53 8
55 7
57 6
59 5
61 4
63 3
65 2
67 1
24 24
26 23
28 22
30 21
32 20
34 19
36 18
38 17
40 16
42 15
44 14
46 13
48 12
50 11
52 10
54 9
56 8
58 7
60 6
62 5
64 4
66 3
68 2
70 1
25 25
27 24
29 23
31 22
33 21
35 20
37 19
39 18
41 17
43 16
45 15
47 14
49 13
51 12
53 11
55 10
57 9
59 8
61 7
63 6
65 5
67 4
69 3
71 2
73 1
26 26
28 25
30 24
32 23
34 22
36 21
38 20
40 19
42 18
44 17
46 16
48 15
50 14
52 13
54 12
56 11
58 10
60 9
62 8
64 7
66 6
68 5
70 4
72 3
74 2
76 1
27 27
29 26
31 25
33 24
35 23
37 22
39 21
41 20
43 19
45 18
47 17
49 16
51 15
53 14
55 13
57 12
59 11
61 10
63 9
65 8
67 7
69 6
71 5
73 4
75 3
77 2
79 1
28 28
30 27
32 26
34 25
36 24
38 23
40 22
42 21
44 20
46 19
48 18
50 17
52 16
54 15
56 14
58 13
60 12
62 11
64 10
66 9
68 8
70 7
72 6
74 5
76 4
78 3
80 2
82 1
29 29
31 28
33 27
35 26
37 25
39 24
41 23
43 22
45 21
47 20
49 19
51 18
53 17
55 16
57 15
59 14
61 13
63 12
65 11
67 10
69 9
71 8
73 7
75 6
77 5
79 4
81 3
83 2
85 1
30 30
32 29
34 28
36 27
38 26
40 25
42 24
44 23
46 22
48 21
50 20
52 19
54 18
56 17
58 16
60 15
62 14
64 13
66 12
68 11
70 10
72 9
74 8
76 7
78 6
80 5
82 4
84 3
86 2
88 1
31 31
33 30
35 29
37 28
39 27
41 26
43 25
45 24
47 23
49 22
51 21
53 20
55 19
57 18
59 17
61 16
63 15
65 14
67 13
69 12
71 11
73 10
75 9
77 8
79 7
81 6
83 5
85 4
87 3
89 2
91 1
32 32
34 31
36 30
38 29
40 28
42 27
44 26
46 25
48 24
50 23
52 22
54 21
56 20
58 19
60 18
62 17
64 16
66 15
68 14
70 13
72 12
74 11
76 10
78 9
80 8
82 7
84 6
86 5
88 4
90 3
92 2
94 1
33 33
35 32
37 31
39 30
41 29
43 28
45 27
47 26
49 25
51 24
53 23
55 22
57 21
59 20
61 19
63 18
65 17
67 16
69 15
71 14
73 13
75 12
77 11
79 10
81 9
83 8
85 7
87 6
89 5
91 4
93 3
95 2
97 1
34 34
36 33
38 32
40 31
42 30
44 29
46 28
48 27
50 26
52 25
54 24
56 23
58 22
60 21
62 20
64 19
66 18
68 17
70 16
72 15
74 14
76 13
78 12
80 11
82 10
84 9
86 8
88 7
90 6
92 5
94 4
96 3
98 2
100 1
35 35
37 34
39 33
41 32
43 31
45 30
47 29
49 28
51 27
53 26
55 25
57 24
59 23
61 22
63 21
65 20
67 19
69 18
71 17
73 16
75 15
77 14
79 13
81 12
83 11
85 10
87 9
89 8
91 7
93 6
95 5
97 4
99 3
101 2
103 1
36 36
38 35
40 34
42 33
44 32
46 31
48 30
50 29
52 28
54 27
56 26
58 25
60 24
62 23
64 22
66 21
68 20
70 19
72 18
74 17
76 16
78 15
80 14
82 13
84 12
86 11
88 10
90 9
92 8
94 7
96 6
98 5
100 4
102 3
104 2
106 1
37 37
39 36
41 35
43 34
45 33
47 32
49 31
51 30
53 29
55 28
57 27
59 26
61 25
63 24
65 23
67 22
69 21
71 20
73 19
75 18
77 17
79 16
81 15
83 14
85 13
87 12
89 11
91 10
93 9
95 8
97 7
99 6
101 5
103 4
105 3
107 2
109 1
38 38
40 37
42 36
44 35
46 34
48 33
50 32
52 31
54 30
56 29
58 28
60 27
62 26
64 25
66 24
68 23
70 22
72 21
74 20
76 19
78 18
80 17
82 16
84 15
86 14
88 13
90 12
92 11
94 10
96 9
98 8
100 7
102 6
104 5
106 4
108 3
110 2
112 1
39 39
41 38
43 37
45 36
47 35
49 34
51 33
53 32
55 31
57 30
59 29
61 28
63 27
65 26
67 25
69 24
71 23
73 22
75 21
77 20
79 19
81 18
83 17
85 16
87 15
89 14
91 13
93 12
95 11
97 10
99 9
101 8
103 7
105 6
107 5
109 4
111 3
113 2
115 1
40 40
42 39
44 38
46 37
48 36
50 35
52 34
54 33
56 32
58 31
60 30
62 29
64 28
66 27
68 26
70 25
72 24
74 23
76 22
78 21
80 20
82 19
84 18
86 17
88 16
90 15
92 14
94 13
96 12
98 11
100 10
102 9
104 8
106 7
108 6
110 5
112 4
114 3
116 2
118 1
41 41
43 40
45 39
47 38
49 37
51 36
53 35
55 34
57 33
59 32
61 31
63 30
65 29
67 28
69 27
71 26
73 25
75 24
77 23
79 22
81 21
83 20
85 19
87 18
89 17
91 16
93 15
95 14
97 13
99 12
101 11
103 10
105 9
107 8
109 7
111 6
113 5
115 4
117 3
119 2
121 1
42 42
44 41
46 40
48 39
50 38
52 37
54 36
56 35
58 34
60 33
62 32
64 31
66 30
68 29
70 28
72 27
74 26
76 25
78 24
80 23
82 22
84 21
86 20
88 19
90 18
92 17
94 16
96 15
98 14
100 13
102 12
104 11
106 10
108 9
110 8
112 7
114 6
116 5
118 4
120 3
122 2
124 1
43 43
45 42
47 41
49 40
51 39
53 38
55 37
57 36
59 35
61 34
63 33
65 32
67 31
69 30
71 29
73 28
75 27
77 26
79 25
81 24
83 23
85 22
87 21
89 20
91 19
93 18
95 17
97 16
99 15
101 14
103 13
105 12
107 11
109 10
111 9
113 8
115 7
117 6
119 5
121 4
123 3
125 2
127 1
44 44
46 43
48 42
50 41
52 40
54 39
56 38
58 37
60 36
62 35
64 34
66 33
68 32
70 31
72 30
74 29
76 28
78 27
80 26
82 25
84 24
86 23
88 22
90 21
92 20
94 19
96 18
98 17
100 16
102 15
104 14
106 13
108 12
110 11
112 10
114 9
116 8
118 7
120 6
122 5
124 4
126 3
128 2
130 1
45 45
47 44
49 43
51 42
53 41
55 40
57 39
59 38
61 37
63 36
65 35
67 34
69 33
71 32
73 31
75 30
77 29
79 28
81 27
83 26
85 25
87 24
89 23
91 22
93 21
95 20
97 19
99 18
101 17
103 16
105 15
107 14
109 13
111 12
113 11
115 10
117 9
119 8
121 7
123 6
125 5
127 4
129 3
131 2
133 1
46 46
48 45
50 44
52 43
54 42
56 41
58 40
60 39
62 38
64 37
66 36
68 35
70 34
72 33
74 32
76 31
78 30
80 29
82 28
84 27
86 26
88 25
90 24
92 23
94 22
96 21
98 20
100 19
102 18
104 17
106 16
108 15
110 14
112 13
114 12
116 11
118 10
120 9
122 8
124 7
126 6
128 5
130 4
132 3
134 2
136 1
47 47
49 46
51 45
53 44
55 43
57 42
59 41
61 40
63 39
65 38
67 37
69 36
71 35
73 34
75 33
77 32
79 31
81 30
83 29
85 28
87 27
89 26
91 25
93 24
95 23
97 22
99 21
101 20
103 19
105 18
107 17
109 16
111 15
113 14
115 13
117 12
119 11
121 10
123 9
125 8
127 7
129 6
131 5
133 4
135 3
137 2
139 1
48 48
50 47
52 46
54 45
56 44
58 43
60 42
62 41
64 40
66 39
68 38
70 37
72 36
74 35
76 34
78 33
80 32
82 31
84 30
86 29
88 28
90 27
92 26
94 25
96 24
98 23
100 22
102 21
104 20
106 19
108 18
110 17
112 16
114 15
116 14
118 13
120 12
122 11
124 10
126 9
128 8
130 7
132 6
134 5
136 4
138 3
140 2
142 1
49 49
51 48
53 47
55 46
57 45
59 44
61 43
63 42
65 41
67 40
69 39
71 38
73 37
75 36
77 35
79 34
81 33
83 32
85 31
87 30
89 29
91 28
93 27
95 26
97 25
99 24
101 23
103 22
105 21
107 20
109 19
111 18
113 17
115 16
117 15
119 14
121 13
123 12
125 11
127 10
129 9
131 8
133 7
135 6
137 5
139 4
141 3
143 2
145 1
50 50
52 49
54 48
56 47
58 46
60 45
62 44
64 43
66 42
68 41
70 40
72 39
74 38
76 37
78 36
80 35
82 34
84 33
86 32
88 31
90 30
92 29
94 28
96 27
98 26
100 25
102 24
104 23
106 22
108 21
110 20
112 19
114 18
116 17
118 16
120 15
122 14
124 13
126 12
128 11
130 10
132 9
134 8
136 7
138 6
140 5
142 4
144 3
146 2
148 1
51 51
53 50
55 49
57 48
59 47
61 46
63 45
65 44
67 43
69 42
71 41
73 40
75 39
77 38
79 37
81 36
83 35
85 34
87 33
89 32
91 31
93 30
95 29
97 28
99 27
101 26
103 25
105 24
107 23
109 22
111 21
113 20
115 19
117 18
119 17
121 16
123 15
125 14
127 13
129 12
131 11
133 10
135 9
137 8
139 7
141 6
143 5
145 4
147 3
149 2
151 1
52 52
54 51
56 50
58 49
60 48
62 47
64 46
66 45
68 44
70 43
72 42
74 41
76 40
78 39
80 38
82 37
84 36
86 35
88 34
90 33
92 32
94 31
96 30
98 29
100 28
102 27
104 26
106 25
108 24
110 23
112 22
114 21
116 20
118 19
120 18
122 17
124 16
126 15
128 14
130 13
132 12
134 11
136 10
138 9
140 8
142 7
144 6
146 5
148 4
150 3
152 2
154 1
53 53
55 52
57 51
59 50
61 49
63 48
65 47
67 46
69 45
71 44
73 43
75 42
77 41
79 40
81 39
83 38
85 37
87 36
89 35
91 34
93 33
95 32
97 31
99 30
101 29
103 28
105 27
107 26
109 25
111 24
113 23
115 22
117 21
119 20
121 19
123 18
125 17
127 16
129 15
131 14
133 13
135 12
137 11
139 10
141 9
143 8
145 7
147 6
149 5
151 4
153 3
155 2
157 1
54 54
56 53
58 52
60 51
62 50
64 49
66 48
68 47
70 46
72 45
74 44
76 43
78 42
80 41
82 40
84 39
86 38
88 37
90 36
92 35
94 34
96 33
98 32
100 31
102 30
104 29
106 28
108 27
110 26
112 25
114 24
116 23
118 22
120 21
122 20
124 19
126 18
128 17
130 16
132 15
134 14
136 13
138 12
140 11
142 10
144 9
146 8
148 7
150 6
152 5
154 4
156 3
158 2
160 1
55 55
57 54
59 53
61 52
63 51
65 50
67 49
69 48
71 47
73 46
75 45
77 44
79 43
81 42
83 41
85 40
87 39
89 38
91 37
93 36
95 35
97 34
99 33
101 32
103 31
105 30
107 29
109 28
111 27
113 26
115 25
117 24
119 23
121 22
123 21
125 20
127 19
129 18
131 17
133 16
135 15
137 14
139 13
141 12
143 11
145 10
147 9
149 8
151 7
153 6
155 5
157 4
159 3
161 2
163 1
56 56
58 55
60 54
62 53
64 52
66 51
68 50
70 49
72 48
74 47
76 46
78 45
80 44
82 43
84 42
86 41
88 40
90 39
92 38
94 37
96 36
98 35
100 34
102 33
104 32
106 31
108 30
110 29
112 28
114 27
116 26
118 25
120 24
122 23
124 22
126 21
128 20
130 19
132 18
134 17
136 16
138 15
140 14
142 13
144 12
146 11
148 10
150 9
152 8
154 7
156 6
158 5
160 4
162 3
164 2
166 1
57 57
59 56
61 55
63 54
65 53
67 52
69 51
71 50
73 49
75 48
77 47
79 46
81 45
83 44
85 43
87 42
89 41
91 40
93 39
95 38
97 37
99 36
101 35
103 34
105 33
107 32
109 31
111 30
113 29
115 28
117 27
119 26
121 25
123 24
125 23
127 22
129 21
131 20
133 19
135 18
137 17
139 16
141 15
143 14
145 13
147 12
149 11
151 10
153 9
155 8
157 7
159 6
161 5
163 4
165 3
167 2
169 1
58 58
60 57
62 56
64 55
66 54
68 53
70 52
72 51
74 50
76 49
78 48
80 47
82 46
84 45
86 44
88 43
90 42
92 41
94 40
96 39
98 38
100 37
102 36
104 35
106 34
108 33
110 32
112 31
114 30
116 29
118 28
120 27
122 26
124 25
126 24
128 23
130 22
132 21
134 20
136 19
138 18
140 17
142 16
144 15
146 14
148 13
150 12
152 11
154 10
156 9
158 8
160 7
162 6
164 5
166 4
168 3
170 2
172 1
59 59
61 58
63 57
65 56
67 55
69 54
71 53
73 52
75 51
77 50
79 49
81 48
83 47
85 46
87 45
89 44
91 43
93 42
95 41
97 40
99 39
101 38
103 37
105 36
107 35
109 34
111 33
113 32
115 31
117 30
119 29
121 28
123 27
125 26
127 25
129 24
131 23
133 22
135 21
137 20
139 19
141 18
143 17
145 16
147 15
149 14
151 13
153 12
155 11
157 10
159 9
161 8
163 7
165 6
167 5
169 4
171 3
173 2
175 1
60 60
62 59
64 58
66 57
68 56
70 55
72 54
74 53
76 52
78 51
80 50
82 49
84 48
86 47
88 46
90 45
92 44
94 43
96 42
98 41
100 40
102 39
104 38
106 37
108 36
110 35
112 34
114 33
116 32
118 31
120 30
122 29
124 28
126 27
128 26
130 25
132 24
134 23
136 22
138 21
140 20
142 19
144 18
146 17
148 16
150 15
152 14
154 13
156 12
158 11
160 10
162 9
164 8
166 7
168 6
170 5
172 4
174 3
176 2
178 1
61 61
63 60
65 59
67 58
69 57
71 56
73 55
75 54
77 53
79 52
81 51
83 50
85 49
87 48
89 47
91 46
93 45
95 44
97 43
99 42
101 41
103 40
105 39
107 38
109 37
111 36
113 35
115 34
117 33
119 32
121 31
123 30
125 29
127 28
129 27
131 26
133 25
135 24
137 23
139 22
141 21
143 20
145 19
147 18
149 17
151 16
153 15
155 14
157 13
159 12
161 11
163 10
165 9
167 8
169 7
171 6
173 5
175 4
177 3
179 2
181 1
62 62
64 61
66 60
68 59
70 58
72 57
74 56
76 55
78 54
80 53
82 52
84 51
86 50
88 49
90 48
92 47
94 46
96 45
98 44
100 43
102 42
104 41
106 40
108 39
110 38
112 37
114 36
116 35
118 34
120 33
122 32
124 31
126 30
128 29
130 28
132 27
134 26
136 25
138 24
140 23
142 22
144 21
146 20
148 19
150 18
152 17
154 16
156 15
158 14
160 13
162 12
164 11
166 10
168 9
170 8
172 7
174 6
176 5
178 4
180 3
182 2
184 1
63 63
65 62
67 61
69 60
71 59
73 58
75 57
77 56
79 55
81 54
83 53
85 52
87 51
89 50
91 49
93 48
95 47
97 46
99 45
101 44
103 43
105 42
107 41
109 40
111 39
113 38
115 37
117 36
119 35
121 34
123 33
125 32
127 31
129 30
131 29
133 28
135 27
137 26
139 25
141 24
143 23
145 22
147 21
149 20
151 19
153 18
155 17
157 16
159 15
161 14
163 13
165 12
167 11
169 10
171 9
173 8
175 7
177 6
179 5
181 4
183 3
185 2
187 1
64 64
66 63
68 62
70 61
72 60
74 59
76 58
78 57
80 56
82 55
84 54
86 53
88 52
90 51
92 50
94 49
96 48
98 47
100 46
102 45
104 44
106 43
108 42
110 41
112 40
114 39
116 38
118 37
120 36
122 35
124 34
126 33
128 32
130 31
132 30
134 29
136 28
138 27
140 26
142 25
144 24
146 23
148 22
150 21
152 20
154 19
156 18
158 17
160 16
162 15
164 14
166 13
168 12
170 11
172 10
174 9
176 8
178 7
180 6
182 5
184 4
186 3
188 2
190 1
65 65
67 64
69 63
71 62
73 61
75 60
77 59
79 58
81 57
83 56
85 55
87 54
89 53
91 52
93 51
95 50
97 49
99 48
101 47
103 46
105 45
107 44
109 43
111 42
113 41
115 40
117 39
119 38
121 37
123 36
125 35
127 34
129 33
131 32
133 31
135 30
137 29
139 28
141 27
143 26
145 25
147 24
149 23
151 22
153 21
155 20
157 19
159 18
161 17
163 16
165 15
167 14
169 13
171 12
173 11
175 10
177 9
179 8
181 7
183 6
185 5
187 4
189 3
191 2
193 1
66 66
68 65
70 64
72 63
74 62
76 61
78 60
80 59
82 58
84 57
86 56
88 55
90 54
92 53
94 52
96 51
98 50
100 49
102 48
104 47
106 46
108 45
110 44
112 43
114 42
116 41
118 40
120 39
122 38
124 37
126 36
128 35
130 34
132 33
134 32
136 31
138 30
140 29
142 28
144 27
146 26
148 25
150 24
152 23
154 22
156 21
158 20
160 19
162 18
164 17
166 16
168 15
170 14
172 13
174 12
176 11
178 10
180 9
182 8
184 7
186 6
188 5
190 4
192 3
194 2
196 1
67 67
69 66
71 65
73 64
75 63
77 62
79 61
81 60
83 59
85 58
87 57
89 56
91 55
93 54
95 53
97 52
99 51
101 50
103 49
105 48
107 47
109 46
111 45
113 44
115 43
117 42
119 41
121 40
123 39
125 38
127 37
129 36
131 35
133 34
135 33
137 32
139 31
141 30
143 29
145 28
147 27
149 26
151 25
153 24
155 23
157 22
159 21
161 20
163 19
165 18
167 17
169 16
171 15
173 14
175 13
177 12
179 11
181 10
183 9
185 8
187 7
189 6
191 5
193 4
195 3
197 2
199 1
68 68
70 67
72 66
74 65
76 64
78 63
80 62
82 61
84 60
86 59
88 58
90 57
92 56
94 55
96 54
98 53
100 52
102 51
104 50
106 49
108 48
110 47
112 46
114 45
116 44
118 43
120 42
122 41
124 40
126 39
128 38
130 37
132 36
134 35
136 34
138 33
140 32
142 31
144 30
146 29
148 28
150 27
152 26
154 25
156 24
158 23
160 22
162 21
164 20
166 19
168 18
170 17
172 16
174 15
176 14
178 13
180 12
182 11
184 10
186 9
188 8
190 7
192 6
194 5
196 4
198 3
200 2
202 1
69 69
71 68
73 67
75 66
77 65
79 64
81 63
83 62
85 61
87 60
89 59
91 58
93 57
95 56
97 55
99 54
101 53
103 52
105 51
107 50
109 49
111 48
113 47
115 46
117 45
119 44
121 43
123 42
125 41
127 40
129 39
131 38
133 37
135 36
137 35
139 34
141 33
143 32
145 31
147 30
149 29
151 28
153 27
155 26
157 25
159 24
161 23
163 22
165 21
167 20
169 19
171 18
173 17
175 16
177 15
179 14
181 13
183 12
185 11
187 10
189 9
191 8
193 7
195 6
197 5
199 4
201 3
203 2
205 1
70 70
72 69
74 68
76 67
78 66
80 65
82 64
84 63
86 62
88 61
90 60
92 59
94 58
96 57
98 56
100 55
102 54
104 53
106 52
108 51
110 50
112 49
114 48
116 47
118 46
120 45
122 44
124 43
126 42
128 41
130 40
132 39
134 38
136 37
138 36
140 35
142 34
144 33
146 32
148 31
150 30
152 29
154 28
156 27
158 26
160 25
162 24
164 23
166 22
168 21
170 20
172 19
174 18
176 17
178 16
180 15
182 14
184 13
186 12
188 11
190 10
192 9
194 8
196 7
198 6
200 5
202 4
204 3
206 2
208 1
71 71
73 70
75 69
77 68
79 67
81 66
83 65
85 64
87 63
89 62
91 61
93 60
95 59
97 58
99 57
101 56
103 55
105 54
107 53
109 52
111 51
113 50
115 49
117 48
119 47
121 46
123 45
125 44
127 43
129 42
131 41
133 40
135 39
137 38
139 37
141 36
143 35
145 34
147 33
149 32
151 31
153 30
155 29
157 28
159 27
161 26
163 25
165 24
167 23
169 22
171 21
173 20
175 19
177 18
179 17
181 16
183 15
185 14
187 13
189 12
191 11
193 10
195 9
197 8
199 7
201 6
203 5
205 4
207 3
209 2
211 1
72 72
74 71
76 70
78 69
80 68
82 67
84 66
86 65
88 64
90 63
92 62
94 61
96 60
98 59
100 58
102 57
104 56
106 55
108 54
110 53
112 52
114 51
116 50
118 49
120 48
122 47
124 46
126 45
128 44
130 43
132 42
134 41
136 40
138 39
140 38
142 37
144 36
146 35
148 34
150 33
152 32
154 31
156 30
158 29
160 28
162 27
164 26
166 25
168 24
170 23
172 22
174 21
176 20
178 19
180 18
182 17
184 16
186 15
188 14
190 13
192 12
194 11
196 10
198 9
200 8
202 7
204 6
206 5
208 4
210 3
212 2
214 1
73 73
75 72
77 71
79 70
81 69
83 68
85 67
87 66
89 65
91 64
93 63
95 62
97 61
99 60
101 59
103 58
105 57
107 56
109 55
111 54
113 53
115 52
117 51
119 50
121 49
123 48
125 47
127 46
129 45
131 44
133 43
135 42
137 41
139 40
141 39
143 38
145 37
147 36
149 35
151 34
153 33
155 32
157 31
159 30
161 29
163 28
165 27
167 26
169 25
171 24
173 23
175 22
177 21
179 20
181 19
183 18
185 17
187 16
189 15
191 14
193 13
195 12
197 11
199 10
201 9
203 8
205 7
207 6
209 5
211 4
213 3
215 2
217 1
74 74
76 73
78 72
80 71
82 70
84 69
86 68
88 67
90 66
92 65
94 64
96 63
98 62
100 61
102 60
104 59
106 58
108 57
110 56
112 55
114 54
116 53
118 52
120 51
122 50
124 49
126 48
128 47
130 46
132 45
134 44
136 43
138 42
140 41
142 40
144 39
146 38
148 37
150 36
152 35
154 34
156 33
158 32
160 31
162 30
164 29
166 28
168 27
170 26
172 25
174 24
176 23
178 22
180 21
182 20
184 19
186 18
188 17
190 16
192 15
194 14
196 13
198 12
200 11
202 10
204 9
206 8
208 7
210 6
212 5
214 4
216 3
218 2
220 1
75 75
77 74
79 73
81 72
83 71
85 70
87 69
89 68
91 67
93 66
95 65
97 64
99 63
101 62
103 61
105 60
107 59
109 58
111 57
113 56
115 55
117 54
119 53
121 52
123 51
125 50
127 49
129 48
131 47
133 46
135 45
137 44
139 43
141 42
143 41
145 40
147 39
149 38
151 37
153 36
155 35
157 34
159 33
161 32
163 31
165 30
167 29
169 28
171 27
173 26
175 25
177 24
179 23
181 22
183 21
185 20
187 19
189 18
191 17
193 16
195 15
197 14
199 13
201 12
203 11
205 10
207 9
209 8
211 7
213 6
215 5
217 4
219 3
221 2
223 1
76 76
78 75
80 74
82 73
84 72
86 71
88 70
90 69
92 68
94 67
96 66
98 65
100 64
102 63
104 62
106 61
108 60
110 59
112 58
114 57
116 56
118 55
120 54
122 53
124 52
126 51
128 50
130 49
132 48
134 47
136 46
138 45
140 44
142 43
144 42
146 41
148 40
150 39
152 38
154 37
156 36
158 35
160 34
162 33
164 32
166 31
168 30
170 29
172 28
174 27
176 26
178 25
180 24
182 23
184 22
186 21
188 20
190 19
192 18
194 17
196 16
198 15
200 14
202 13
204 12
206 11
208 10
210 9
212 8
214 7
216 6
218 5
220 4
222 3
224 2
226 1
77 77
79 76
81 75
83 74
85 73
87 72
89 71
91 70
93 69
95 68
97 67
99 66
101 65
103 64
105 63
107 62
109 61
111 60
113 59
115 58
117 57
119 56
121 55
123 54
125 53
127 52
129 51
131 50
133 49
135 48
137 47
139 46
141 45
143 44
145 43
147 42
149 41
151 40
153 39
155 38
157 37
159 36
161 35
163 34
165 33
167 32
169 31
171 30
173 29
175 28
177 27
179 26
181 25
183 24
185 23
187 22
189 21
191 20
193 19
195 18
197 17
199 16
201 15
203 14
205 13
207 12
209 11
211 10
213 9
215 8
217 7
219 6
221 5
223 4
225 3
227 2
229 1
78 78
80 77
82 76
84 75
86 74
88 73
90 72
92 71
94 70
96 69
98 68
100 67
102 66
104 65
106 64
108 63
110 62
112 61
114 60
116 59
118 58
120 57
122 56
124 55
126 54
128 53
130 52
132 51
134 50
136 49
138 48
140 47
142 46
144 45
146 44
148 43
150 42
152 41
154 40
156 39
158 38
160 37
162 36
164 35
166 34
168 33
170 32
172 31
174 30
176 29
178 28
180 27
182 26
184 25
186 24
188 23
190 22
192 21
194 20
196 19
198 18
200 17
202 16
204 15
206 14
208 13
210 12
212 11
214 10
216 9
218 8
220 7
222 6
224 5
226 4
228 3
230 2
232 1
79 79
81 78
83 77
85 76
87 75
89 74
91 73
93 72
95 71
97 70
99 69
101 68
103 67
105 66
107 65
109 64
111 63
113 62
115 61
117 60
119 59
121 58
123 57
125 56
127 55
129 54
131 53
133 52
135 51
137 50
139 49
141 48
143 47
145 46
147 45
149 44
151 43
153 42
155 41
157 40
159 39
161 38
163 37
165 36
167 35
169 34
171 33
173 32
175 31
177 30
179 29
181 28
183 27
185 26
187 25
189 24
191 23
193 22
195 21
197 20
199 19
201 18
203 17
205 16
207 15
209 14
211 13
213 12
215 11
217 10
219 9
221 8
223 7
225 6
227 5
229 4
231 3
233 2
235 1
80 80
82 79
84 78
86 77
88 76
90 75
92 74
94 73
96 72
98 71
100 70
102 69
104 68
106 67
108 66
110 65
112 64
114 63
116 62
118 61
120 60
122 59
124 58
126 57
128 56
130 55
132 54
134 53
136 52
138 51
140 50
142 49
144 48
146 47
148 46
150 45
152 44
154 43
156 42
158 41
160 40
162 39
164 38
166 37
168 36
170 35
172 34
174 33
176 32
178 31
180 30
182 29
184 28
186 27
188 26
190 25
192 24
194 23
196 22
198 21
200 20
202 19
204 18
206 17
208 16
210 15
212 14
214 13
216 12
218 11
220 10
222 9
224 8
226 7
228 6
230 5
232 4
234 3
236 2
238 1
81 81
83 80
85 79
87 78
89 77
91 76
93 75
95 74
97 73
99 72
101 71
103 70
105 69
107 68
109 67
111 66
113 65
115 64
117 63
119 62
121 61
123 60
125 59
127 58
129 57
131 56
133 55
135 54
137 53
139 52
141 51
143 50
145 49
147 48
149 47
151 46
153 45
155 44
157 43
159 42
161 41
163 40
165 39
167 38
169 37
171 36
173 35
175 34
177 33
179 32
181 31
183 30
185 29
187 28
189 27
191 26
193 25
195 24
197 23
199 22
201 21
203 20
205 19
207 18
209 17
211 16
213 15
215 14
217 13
219 12
221 11
223 10
225 9
227 8
229 7
231 6
233 5
235 4
237 3
239 2
241 1
82 82
84 81
86 80
88 79
90 78
92 77
94 76
96 75
98 74
100 73
102 72
104 71
106 70
108 69
110 68
112 67
114 66
116 65
118 64
120 63
122 62
124 61
126 60
128 59
130 58
132 57
134 56
136 55
138 54
140 53
142 52
144 51
146 50
148 49
150 48
152 47
154 46
156 45
158 44
160 43
162 42
164 41
166 40
168 39
170 38
172 37
174 36
176 35
178 34
180 33
182 32
184 31
186 30
188 29
190 28
192 27
194 26
196 25
198 24
200 23
202 22
204 21
206 20
208 19
210 18
212 17
214 16
216 15
218 14
220 13
222 12
224 11
226 10
228 9
230 8
232 7
234 6
236 5
238 4
240 3
242 2
244 1
83 83
85 82
87 81
89 80
91 79
93 78
95 77
97 76
99 75
101 74
103 73
105 72
107 71
109 70
111 69
113 68
115 67
117 66
119 65
121 64
123 63
125 62
127 61
129 60
131 59
133 58
135 57
137 56
139 55
141 54
143 53
145 52
147 51
149 50
151 49
153 48
155 47
157 46
159 45
161 44
163 43
165 42
167 41
169 40
171 39
173 38
175 37
177 36
179 35
181 34
183 33
185 32
187 31
189 30
191 29
193 28
195 27
197 26
199 25
201 24
203 23
205 22
207 21
209 20
211 19
213 18
215 17
217 16
219 15
221 14
223 13
225 12
227 11
229 10
231 9
233 8
235 7
237 6
239 5
241 4
243 3
245 2
247 1
84 84
86 83
88 82
90 81
92 80
94 79
96 78
98 77
100 76
102 75
104 74
106 73
108 72
110 71
112 70
114 69
116 68
118 67
120 66
122 65
124 64
126 63
128 62
130 61
132 60
134 59
136 58
138 57
140 56
142 55
144 54
146 53
148 52
150 51
152 50
154 49
156 48
158 47
160 46
162 45
164 44
166 43
168 42
170 41
172 40
174 39
176 38
178 37
180 36
182 35
184 34
186 33
188 32
190 31
192 30
194 29
196 28
198 27
200 26
202 25
204 24
206 23
208 22
210 21
212 20
214 19
216 18
218 17
220 16
222 15
224 14
226 13
228 12
230 11
232 10
234 9
236 8
238 7
240 6
242 5
244 4
246 3
248 2
250 1
85 85
87 84
89 83
91 82
93 81
95 80
97 79
99 78
101 77
103 76
105 75
107 74
109 73
111 72
113 71
115 70
117 69
119 68
121 67
123 66
125 65
127 64
129 63
131 62
133 61
135 60
137 59
139 58
141 57
143 56
145 55
147 54
149 53
151 52
153 51
155 50
157 49
159 48
161 47
163 46
165 45
167 44
169 43
171 42
173 41
175 40
177 39
179 38
181 37
183 36
185 35
187 34
189 33
191 32
193 31
195 30
197 29
199 28
201 27
203 26
205 25
207 24
209 23
211 22
213 21
215 20
217 19
219 18
221 17
223 16
225 15
227 14
229 13
231 12
233 11
235 10
237 9
239 8
241 7
243 6
245 5
247 4
249 3
251 2
253 1
86 86
88 85
90 84
92 83
94 82
96 81
98 80
100 79
102 78
104 77
106 76
108 75
110 74
112 73
114 72
116 71
118 70
120 69
122 68
124 67
126 66
128 65
130 64
132 63
134 62
136 61
138 60
140 59
142 58
144 57
146 56
148 55
150 54
152 53
154 52
156 51
158 50
160 49
162 48
164 47
166 46
168 45
170 44
172 43
174 42
176 41
178 40
180 39
182 38
184 37
186 36
188 35
190 34
192 33
194 32
196 31
198 30
200 29
202 28
204 27
206 26
208 25
210 24
212 23
214 22
216 21
218 20
220 19
222 18
224 17
226 16
228 15
230 14
232 13
234 12
236 11
238 10
240 9
242 8
244 7
246 6
248 5
250 4
252 3
254 2
256 1
87 87
89 86
91 85
93 84
95 83
97 82
99 81
101 80
103 79
105 78
107 77
109 76
111 75
113 74
115 73
117 72
119 71
121 70
123 69
125 68
127 67
129 66
131 65
133 64
135 63
137 62
139 61
141 60
143 59
145 58
147 57
149 56
151 55
153 54
155 53
157 52
159 51
161 50
163 49
165 48
167 47
169 46
171 45
173 44
175 43
177 42
179 41
181 40
183 39
185 38
187 37
189 36
191 35
193 34
195 33
197 32
199 31
201 30
203 29
205 28
207 27
209 26
211 25
213 24
215 23
217 22
219 21
221 20
223 19
225 18
227 17
229 16
231 15
233 14
235 13
237 12
239 11
241 10
243 9
245 8
247 7
249 6
251 5
253 4
255 3
257 2
259 1
88 88
90 87
92 86
94 85
96 84
98 83
100 82
102 81
104 80
106 79
108 78
110 77
112 76
114 75
116 74
118 73
120 72
122 71
124 70
126 69
128 68
130 67
132 66
134 65
136 64
138 63
140 62
142 61
144 60
146 59
148 58
150 57
152 56
154 55
156 54
158 53
160 52
162 51
164 50
166 49
168 48
170 47
172 46
174 45
176 44
178 43
180 42
182 41
184 40
186 39
188 38
190 37
192 36
194 35
196 34
198 33
200 32
202 31
204 30
206 29
208 28
210 27
212 26
214 25
216 24
218 23
220 22
222 21
224 20
226 19
228 18
230 17
232 16
234 15
236 14
238 13
240 12
242 11
244 10
246 9
248 8
250 7
252 6
254 5
256 4
258 3
260 2
262 1
89 89
91 88
93 87
95 86
97 85
99 84
101 83
103 82
105 81
107 80
109 79
111 78
113 77
115 76
117 75
119 74
121 73
123 72
125 71
127 70
129 69
131 68
133 67
135 66
137 65
139 64
141 63
143 62
145 61
147 60
149 59
151 58
153 57
155 56
157 55
159 54
161 53
163 52
165 51
167 50
169 49
171 48
173 47
175 46
177 45
179 44
181 43
183 42
185 41
187 40
189 39
191 38
193 37
195 36
197 35
199 34
201 33
203 32
205 31
207 30
209 29
211 28
213 27
215 26
217 25
219 24
221 23
223 22
225 21
227 20
229 19
231 18
233 17
235 16
237 15
239 14
241 13
243 12
245 11
247 10
249 9
251 8
253 7
255 6
257 5
259 4
261 3
263 2
265 1
90 90
92 89
94 88
96 87
98 86
100 85
102 84
104 83
106 82
108 81
110 80
112 79
114 78
116 77
118 76
120 75
122 74
124 73
126 72
128 71
130 70
132 69
134 68
136 67
138 66
140 65
142 64
144 63
146 62
148 61
150 60
152 59
154 58
156 57
158 56
160 55
162 54
164 53
166 52
168 51
170 50
172 49
174 48
176 47
178 46
180 45
182 44
184 43
186 42
188 41
190 40
192 39
194 38
196 37
198 36
200 35
202 34
204 33
206 32
208 31
210 30
212 29
214 28
216 27
218 26
220 25
222 24
224 23
226 22
228 21
230 20
232 19
234 18
236 17
238 16
240 15
242 14
244 13
246 12
248 11
250 10
252 9
254 8
256 7
258 6
260 5
262 4
264 3
266 2
268 1
91 91
93 90
95 89
97 88
99 87
101 86
103 85
105 84
107 83
109 82
111 81
113 80
115 79
117 78
119 77
121 76
123 75
125 74
127 73
129 72
131 71
133 70
135 69
137 68
139 67
141 66
143 65
145 64
147 63
149 62
151 61
153 60
155 59
157 58
159 57
161 56
163 55
165 54
167 53
169 52
171 51
173 50
175 49
177 48
179 47
181 46
183 45
185 44
187 43
189 42
191 41
193 40
195 39
197 38
199 37
201 36
203 35
205 34
207 33
209 32
211 31
213 30
215 29
217 28
219 27
221 26
223 25
225 24
227 23
229 22
231 21
233 20
235 19
237 18
239 17
241 16
243 15
245 14
247 13
249 12
251 11
253 10
255 9
257 8
259 7
261 6
263 5
265 4
267 3
269 2
271 1
92 92
94 91
96 90
98 89
100 88
102 87
104 86
106 85
108 84
110 83
112 82
114 81
116 80
118 79
120 78
122 77
124 76
126 75
128 74
130 73
132 72
134 71
136 70
138 69
140 68
142 67
144 66
146 65
148 64
150 63
152 62
154 61
156 60
158 59
160 58
162 57
164 56
166 55
168 54
170 53
172 52
174 51
176 50
178 49
180 48
182 47
184 46
186 45
188 44
190 43
192 42
194 41
196 40
198 39
200 38
202 37
204 36
206 35
208 34
210 33
212 32
214 31
216 30
218 29
220 28
222 27
224 26
226 25
228 24
230 23
232 22
234 21
236 20
238 19
240 18
242 17
244 16
246 15
248 14
250 13
252 12
254 11
256 10
258 9
260 8
262 7
264 6
266 5
268 4
270 3
272 2
274 1
93 93
95 92
97 91
99 90
101 89
103 88
105 87
107 86
109 85
111 84
113 83
115 82
117 81
119 80
121 79
123 78
125 77
127 76
129 75
131 74
133 73
135 72
137 71
139 70
141 69
143 68
145 67
147 66
149 65
151 64
153 63
155 62
157 61
159 60
161 59
163 58
165 57
167 56
169 55
171 54
173 53
175 52
177 51
179 50
181 49
183 48
185 47
187 46
189 45
191 44
193 43
195 42
197 41
199 40
201 39
203 38
205 37
207 36
209 35
211 34
213 33
215 32
217 31
219 30
221 29
223 28
225 27
227 26
229 25
231 24
233 23
235 22
237 21
239 20
241 19
243 18
245 17
247 16
249 15
251 14
253 13
255 12
257 11
259 10
261 9
263 8
265 7
267 6
269 5
271 4
273 3
275 2
277 1
94 94
96 93
98 92
100 91
102 90
104 89
106 88
108 87
110 86
112 85
114 84
116 83
118 82
120 81
122 80
124 79
126 78
128 77
130 76
132 75
134 74
136 73
138 72
140 71
142 70
144 69
146 68
148 67
150 66
152 65
154 64
156 63
158 62
160 61
162 60
164 59
166 58
168 57
170 56
172 55
174 54
176 53
178 52
180 51
182 50
184 49
186 48
188 47
190 46
192 45
194 44
196 43
198 42
200 41
202 40
204 39
206 38
208 37
210 36
212 35
214 34
216 33
218 32
220 31
222 30
224 29
226 28
228 27
230 26
232 25
234 24
236 23
238 22
240 21
242 20
244 19
246 18
248 17
250 16
252 15
254 14
256 13
258 12
260 11
262 10
264 9
266 8
268 7
270 6
272 5
274 4
276 3
278 2
280 1
95 95
97 94
99 93
101 92
103 91
105 90
107 89
109 88
111 87
113 86
115 85
117 84
119 83
121 82
123 81
125 80
127 79
129 78
131 77
133 76
135 75
137 74
139 73
141 72
143 71
145 70
147 69
149 68
151 67
153 66
155 65
157 64
159 63
161 62
163 61
165 60
167 59
169 58
171 57
173 56
175 55
177 54
179 53
181 52
183 51
185 50
187 49
189 48
191 47
193 46
195 45
197 44
199 43
201 42
203 41
205 40
207 39
209 38
211 37
213 36
215 35
217 34
219 33
221 32
223 31
225 30
227 29
229 28
231 27
233 26
235 25
237 24
239 23
241 22
243 21
245 20
247 19
249 18
251 17
253 16
255 15
257 14
259 13
261 12
263 11
265 10
267 9
269 8
271 7
273 6
275 5
277 4
279 3
281 2
283 1
96 96
98 95
100 94
102 93
104 92
106 91
108 90
110 89
112 88
114 87
116 86
118 85
120 84
122 83
124 82
126 81
128 80
130 79
132 78
134 77
136 76
138 75
140 74
142 73
144 72
146 71
148 70
150 69
152 68
154 67
156 66
158 65
160 64
162 63
164 62
166 61
168 60
170 59
172 58
174 57
176 56
178 55
180 54
182 53
184 52
186 51
188 50
190 49
192 48
194 47
196 46
198 45
200 44
202 43
204 42
206 41
208 40
210 39
212 38
214 37
216 36
218 35
220 34
222 33
224 32
226 31
228 30
230 29
232 28
234 27
236 26
238 25
240 24
242 23
244 22
246 21
248 20
250 19
252 18
254 17
256 16
258 15
260 14
262 13
264 12
266 11
268 10
270 9
272 8
274 7
276 6
278 5
280 4
282 3
284 2
286 1
97 97
99 96
101 95
103 94
105 93
107 92
109 91
111 90
113 89
115 88
117 87
119 86
121 85
123 84
125 83
127 82
129 81
131 80
133 79
135 78
137 77
139 76
141 75
143 74
145 73
147 72
149 71
151 70
153 69
155 68
157 67
159 66
161 65
163 64
165 63
167 62
169 61
171 60
173 59
175 58
177 57
179 56
181 55
183 54
185 53
187 52
189 51
191 50
193 49
195 48
197 47
199 46
201 45
203 44
205 43
207 42
209 41
211 40
213 39
215 38
217 37
219 36
221 35
223 34
225 33
227 32
229 31
231 30
233 29
235 28
237 27
239 26
241 25
243 24
245 23
247 22
249 21
251 20
253 19
255 18
257 17
259 16
261 15
263 14
265 13
267 12
269 11
271 10
273 9
275 8
277 7
279 6
281 5
283 4
285 3
287 2
289 1
98 98
100 97
102 96
104 95
106 94
108 93
110 92
112 91
114 90
116 89
118 88
120 87
122 86
124 85
126 84
128 83
130 82
132 81
134 80
136 79
138 78
140 77
142 76
144 75
146 74
148 73
150 72
152 71
154 70
156 69
158 68
160 67
162 66
164 65
166 64
168 63
170 62
172 61
174 60
176 59
178 58
180 57
182 56
184 55
186 54
188 53
190 52
192 51
194 50
196 49
198 48
200 47
202 46
204 45
206 44
208 43
210 42
212 41
214 40
216 39
218 38
220 37
222 36
224 35
226 34
228 33
230 32
232 31
234 30
236 29
238 28
240 27
242 26
244 25
246 24
248 23
250 22
252 21
254 20
256 19
258 18
260 17
262 16
264 15
266 14
268 13
270 12
272 11
274 10
276 9
278 8
280 7
282 6
284 5
286 4
288 3
290 2
292 1
99 99
101 98
103 97
105 96
107 95
109 94
111 93
113 92
115 91
117 90
119 89
121 88
123 87
125 86
127 85
129 84
131 83
133 82
135 81
137 80
139 79
141 78
143 77
145 76
147 75
149 74
151 73
153 72
155 71
157 70
159 69
161 68
163 67
165 66
167 65
169 64
171 63
173 62
175 61
177 60
179 59
181 58
183 57
185 56
187 55
189 54
191 53
193 52
195 51
197 50
199 49
201 48
203 47
205 46
207 45
209 44
211 43
213 42
215 41
217 40
219 39
221 38
223 37
225 36
227 35
229 34
231 33
233 32
235 31
237 30
239 29
241 28
243 27
245 26
247 25
249 24
251 23
253 22
255 21
257 20
259 19
261 18
263 17
265 16
267 15
269 14
271 13
273 12
275 11
277 10
279 9
281 8
283 7
285 6
287 5
289 4
291 3
293 2
295 1
